49,4
49,3
49,2
49,1
49,0
47,5
47,4
47,3
47,2
47,1
47,0
46,4
46,3
46,2
46,1
46,0
45,4
45,3
45,2
0,478
45,1
45,0
0,477
0,476
0,475
0,474
0,473
0,472
0,471
0,243
0,470
0,469
0,468
0,467
0,466
0,465
0,464
0,463
0,462
0,461
0,460
0,459
44,4
44,3
44,2
44,1
44,0
42,5
0,458
0,457
0,456
0,455
0,454
0,453
42,4
42,3
42,2
0,452
42,1
42,0
0,451
0,450
0,449
0,448
0,447
41,4
0,446
41,3
41,2
0,445
41,1
41,0
0,444
0,443
0,386
40,4
40,3
40,2
40,1
40,0
39,3
39,2
39,1
39,0
26,4
26,2
26,0
26,1
26,3
24,0
27,2
27,0
31,0
27,1
27,3
29,3
29,2
29,1
29,0
38,52
38,51
38,50
38,49
38,48
38,47
38,46
38,45
38,44
38,43
38,42
38,41
38,40
38,39
38,38
38,37
38,36
